caseid	cue	tax_soda	gop	ind	gop_cue	educate	ideology	income
139498948	1	4	0	0	0	5	3	3
145177480	1	4	0	0	0	4	2	8
146032309	1	2	0	0	0	3	2	4
146633488	1	3	1	0	1	3	3	9
146634685	0	3	1	0	0	3	3	3
146742320	1	1	1	0	1	3	5	7
146755404	1	4	0	0	0	4	3	5
146817031	1	1	1	0	1	2	5	6
146869486	1	3	0	0	0	5	2	4
146884051	0	1	0	1	0	2	3	5
146889570	0	4	0	0	0	3	3	5
146898422	1	4	0	0	0	2	2	8
146904444	1	4	0	1	0	5	3	9
146917942	0	4	0	0	0	6	3	12
146918742	1	2	1	0	1	5	3	6
146950027	1	3	1	0	1	2	3	6
146962368	1	4	0	0	0	5	3	9
146964135	1	1	1	0	1	3	4	5
146973780	1	2	1	0	1	5	4	3
146978551	1	1	0	0	0	3	3	7
146979691	1	1	1	0	1	6	5	9
146984291	1	1	1	0	1	4	5	6
146988663	1	1	1	0	1	3	3	9
146989003	1	3	0	0	0	4	3	11
146993529	1	4	0	0	0	5	2	13
146994091	1	1	1	0	1	3	4	2
146997582	0	1	1	0	0	5	4	6
146997643	1	1	1	0	1	3	5	9
147006969	1	3	0	0	0	6	2	8
147007517	1	4	0	1	0	1	3	3
147017061	1	4	0	0	0	4	2	5
147017390	0	4	0	0	0	3	1	3
147035241	0	1	1	0	0	4	5	6
147035550	0	1	1	0	0	2	3	2
147038551	1	1	0	0	0	3	3	9
147043081	0	1	0	0	0	5	3	5
147048498	1	4	0	1	0	3	3	7
147053937	0	4	0	0	0	3	2	9
147054642	1	1	0	0	0	2	3	5
147058642	1	4	0	0	0	5	3	3
147068682	1	1	1	0	1	5	3	2
147068708	1	4	1	0	1	3	4	2
147074314	0	3	0	0	0	6	1	10
147075002	1	3	0	0	0	3	3	2
147078991	0	1	1	0	0	5	4	9
147092123	0	1	0	1	0	3	5	2
147096315	1	2	0	0	0	5	2	9
147101937	0	1	1	0	0	2	4	12
147109502	1	2	0	0	0	4	2	5
147111036	0	3	0	0	0	5	1	5
147122993	1	4	0	0	0	6	2	7
147124508	1	3	0	1	0	6	3	7
147132656	1	4	0	0	0	5	1	13
147134755	0	2	0	0	0	5	2	10
147135803	1	2	0	0	0	3	2	6
147138757	1	1	0	1	0	2	5	2
147139920	1	4	0	0	0	6	2	11
147141689	1	1	1	0	1	5	4	4
147142399	0	1	1	0	0	2	3	5
147144804	1	1	0	0	0	5	2	3
147145427	1	4	0	0	0	3	2	8
147146173	0	1	1	0	0	6	5	12
147151812	1	4	0	0	0	5	1	3
147159299	0	1	0	1	0	3	4	8
147160987	1	1	0	0	0	5	3	9
147177207	1	4	0	0	0	6	2	10
147177310	1	1	0	0	0	5	2	4
147179321	1	1	0	0	0	6	3	9
147182985	1	4	0	0	0	5	3	3
147186727	1	1	1	0	1	5	4	12
147188197	0	1	1	0	0	3	4	9
147211495	1	4	0	0	0	3	2	9
147222260	1	1	1	0	1	5	4	8
147231134	0	1	1	0	0	5	5	7
147235384	1	1	0	1	0	2	3	3
147239985	1	1	0	0	0	6	2	7
147241954	1	4	0	0	0	4	3	10
147253494	1	3	0	0	0	6	3	6
147253521	0	1	1	0	0	5	5	12
147255678	0	4	0	1	0	6	3	10
147255699	0	1	1	0	0	3	4	2
147260455	1	4	0	0	0	3	3	2
147264906	1	1	1	0	1	3	4	5
147269771	0	4	0	0	0	3	1	3
147279092	0	1	1	0	0	5	4	9
147279655	1	1	0	0	0	6	2	2
147284321	1	2	0	0	0	3	3	2
147293665	1	3	1	0	1	3	3	8
147310556	0	1	1	0	0	3	5	6
147315865	1	1	0	0	0	4	4	1
147316418	0	2	1	0	0	3	4	2
147325133	1	4	0	0	0	3	3	12
147325748	0	1	0	1	0	3	5	5
147326050	0	1	1	0	0	3	5	7
147329629	1	2	1	0	1	1	4	10
147334084	1	1	1	0	1	3	4	3
147334605	0	4	0	0	0	3	3	8
147338948	1	1	1	0	1	4	5	5
147342076	0	1	1	0	0	5	4	5
147342154	1	1	1	0	1	2	2	4
147352943	1	1	0	1	0	2	4	7
147352967	1	1	1	0	1	2	4	10
147356196	1	4	0	1	0	3	3	7
147356430	1	3	0	0	0	3	2	2
147365145	1	4	1	0	1	2	3	13
147365292	0	1	0	0	0	5	1	7
147370664	0	1	0	0	0	6	3	7
147371272	1	3	0	0	0	3	2	9
147375881	0	3	1	0	0	4	3	6
147375888	1	4	0	0	0	5	2	7
147378306	1	3	0	0	0	2	1	11
147378591	1	1	1	0	1	3	4	2
147378924	0	2	0	0	0	5	1	4
147379088	1	4	0	0	0	5	2	10
147381067	0	3	0	0	0	4	4	6
147381470	1	1	0	1	0	2	4	4
147381481	1	2	0	0	0	3	2	10
147382013	1	2	1	0	1	4	4	7
147382136	1	2	0	0	0	6	3	10
147382245	1	4	0	0	0	5	3	10
147382301	1	3	1	0	1	6	4	6
147382609	1	1	0	1	0	3	5	6
147382858	0	4	0	0	0	3	2	5
147385216	1	4	0	0	0	5	2	10
147385344	1	1	1	0	1	4	4	4
147385466	1	3	0	0	0	6	3	12
147385574	1	3	0	0	0	5	2	9
147385797	1	4	0	0	0	3	3	11
147385809	1	4	0	0	0	3	2	5
147385866	0	1	1	0	0	3	4	4
147385913	1	1	1	0	1	5	5	4
147385930	0	2	0	1	0	5	3	4
147388164	1	4	0	1	0	3	3	6
147388678	1	2	0	0	0	3	3	2
147388749	0	2	0	0	0	6	3	10
147388875	1	1	0	0	0	5	3	6
147389191	0	1	0	1	0	3	4	9
147389315	1	1	0	0	0	4	1	10
147391156	1	1	0	0	0	3	3	3
147391246	1	1	0	0	0	3	1	4
147391658	1	4	0	0	0	6	1	12
147391660	0	2	0	0	0	6	1	9
147391668	1	1	0	0	0	3	2	2
147391694	1	1	1	0	1	2	3	3
147392181	0	3	0	0	0	6	3	6
147392225	0	1	1	0	0	5	4	12
147392287	1	3	0	0	0	3	2	5
147392396	1	3	0	0	0	5	2	2
147392405	1	4	0	0	0	3	3	8
147394292	1	3	0	1	0	3	1	3
147394296	0	3	0	0	0	2	3	11
147394621	1	4	0	0	0	3	3	2
147394860	0	3	0	0	0	3	3	4
147395295	1	4	0	0	0	3	3	8
147395300	0	1	0	0	0	3	3	4
147395507	1	3	0	0	0	3	2	1
147397061	1	4	0	0	0	5	2	2
147397437	1	4	0	0	0	3	3	3
147397998	0	1	1	0	0	4	5	2
147398036	1	4	0	0	0	4	2	5
147398207	1	1	1	0	1	2	4	10
147399377	1	4	1	0	1	5	4	7
147399402	0	4	1	0	0	5	5	15
147400111	1	3	1	0	1	5	3	4
147400136	0	4	0	0	0	3	3	5
147400490	0	4	0	0	0	1	1	3
147400625	0	4	0	0	0	3	1	5
147402800	1	4	0	0	0	5	1	15
147402809	1	4	0	0	0	5	3	12
147403012	0	4	1	0	0	3	4	2
147403056	0	1	1	0	0	3	4	10
147403265	0	4	1	0	0	6	4	12
147403371	0	3	0	0	0	3	1	8
147404728	1	3	1	0	1	6	4	13
147404755	1	1	1	0	1	4	4	12
147404777	1	4	0	0	0	3	2	5
147404788	1	4	0	0	0	6	2	12
147404839	0	4	0	0	0	3	3	9
147405393	1	1	1	0	1	5	4	5
147405404	1	1	1	0	1	5	5	10
147405800	0	1	0	0	0	5	3	4
147407690	1	2	0	0	0	3	2	11
147408219	1	4	0	0	0	3	2	6
147408234	1	1	0	0	0	3	1	3
147408280	0	4	0	0	0	6	2	6
147409812	1	1	0	0	0	2	2	5
147409932	1	4	0	0	0	6	1	12
147410118	1	4	0	0	0	6	2	9
147411073	1	3	0	0	0	5	2	9
147412510	1	4	0	0	0	5	1	1
147412828	1	3	1	0	1	5	3	3
147414345	1	1	0	0	0	5	3	14
147415136	1	2	1	0	1	2	4	8
147416926	1	4	0	0	0	2	1	5
147417397	0	4	0	0	0	6	2	10
147417507	1	3	0	0	0	6	2	4
147417518	0	2	0	1	0	5	4	4
147418431	0	4	0	0	0	6	1	12
147418897	1	1	0	0	0	4	4	7
147418908	1	3	0	0	0	4	2	3
147419276	1	2	0	0	0	1	3	2
147419424	1	4	0	0	0	5	2	10
147419530	0	2	1	0	0	6	4	11
147421051	1	1	0	1	0	2	5	4
147421386	0	2	0	0	0	6	1	7
147422201	1	3	0	1	0	5	3	6
147422894	1	1	1	0	1	5	4	6
147424553	1	1	1	0	1	3	5	5
147424568	0	1	0	0	0	3	3	1
147424791	1	3	0	0	0	4	2	7
147424913	0	2	0	1	0	2	5	5
147425925	1	1	1	0	1	2	4	5
147425983	1	2	1	0	1	4	4	6
147426317	1	2	0	0	0	3	2	6
147426326	1	1	0	0	0	5	3	9
147426658	1	4	0	0	0	2	2	10
147426667	1	3	0	0	0	5	3	9
147426792	1	1	0	0	0	5	3	12
147427553	1	4	0	0	0	3	2	10
147427603	1	2	0	0	0	2	2	2
147428037	1	1	1	0	1	2	4	8
147428046	0	2	0	0	0	6	2	12
147429384	0	4	0	0	0	6	3	14
147429423	0	1	0	0	0	6	1	9
147429854	1	3	0	0	0	5	1	8
147431094	1	4	0	0	0	3	2	6
147432056	1	1	0	0	0	3	3	1
147432858	1	3	0	0	0	3	3	7
147432988	1	3	0	0	0	6	3	12
147433032	1	3	1	0	1	5	4	11
147434648	1	1	0	0	0	4	2	9
147435142	1	4	0	0	0	3	3	4
147435143	1	1	0	0	0	2	2	4
147435147	0	4	0	1	0	5	1	4
147435466	0	2	0	0	0	2	3	6
147435470	1	1	1	0	1	2	3	4
147435551	0	1	0	0	0	5	3	3
147435599	0	3	0	1	0	5	3	9
147436366	0	1	1	0	0	4	4	5
147437833	1	3	0	0	0	5	2	7
147437841	1	4	0	0	0	5	2	9
147438755	1	3	0	0	0	5	3	14
147439397	0	1	1	0	0	5	4	10
147439422	1	1	1	0	1	2	3	9
147439958	0	1	0	0	0	1	4	5
147440239	0	1	0	0	0	2	2	4
147440246	1	1	1	0	1	2	5	9
147441091	0	4	0	0	0	5	3	11
147441219	0	2	0	0	0	4	3	4
147441639	1	3	0	0	0	5	2	4
147442016	1	2	1	0	1	6	5	12
147442043	0	1	1	0	0	5	3	11
147443229	1	1	0	0	0	2	3	8
147444887	1	3	1	0	1	6	2	10
147444911	1	1	1	0	1	4	4	10
147444916	0	3	0	0	0	6	1	9
147444959	1	2	1	0	1	2	4	9
147445229	0	1	1	0	0	3	4	2
147445396	0	4	0	0	0	5	3	14
147447043	0	2	0	0	0	5	2	6
147447171	1	2	1	0	1	5	4	9
147448280	1	1	0	0	0	3	4	4
147448293	1	3	0	0	0	3	3	6
147448675	1	1	1	0	1	1	5	4
147449544	1	3	0	0	0	5	3	5
147449551	0	1	1	0	0	3	4	3
147450009	1	1	0	1	0	5	4	7
147450044	1	1	1	0	1	2	4	12
147450388	1	4	0	0	0	5	1	3
147451764	0	4	0	0	0	6	1	9
147451769	1	4	0	0	0	5	5	3
147451773	1	4	0	0	0	5	1	8
147451775	0	1	1	0	0	2	5	11
147453588	1	4	0	1	0	6	3	2
147453598	0	3	0	0	0	5	3	8
147455321	1	4	0	0	0	6	3	9
147455328	0	1	1	0	0	3	4	10
147455330	1	1	1	0	1	4	3	6
147455429	0	1	1	0	0	3	4	6
147455450	0	4	0	0	0	4	1	3
147457668	1	3	1	0	1	5	4	10
147458344	1	4	0	0	0	5	2	9
147458861	1	3	1	0	1	5	4	3
147460039	0	2	1	0	0	3	4	9
147461075	0	4	0	0	0	6	3	12
147461869	1	4	0	0	0	6	2	10
147461961	1	3	0	0	0	3	1	5
147462317	1	1	0	0	0	6	4	10
147462320	1	1	1	0	1	3	3	7
147462391	0	4	0	0	0	5	1	11
147462696	1	1	0	0	0	2	2	4
147462701	1	4	1	0	1	2	2	2
147464156	1	3	0	0	0	3	3	6
147464190	1	1	1	0	1	2	4	9
147464534	0	1	1	0	0	5	5	12
147465398	1	1	1	0	1	3	4	8
147465879	1	2	0	1	0	6	2	8
147466240	1	1	1	0	1	6	4	9
147466934	1	1	1	0	1	3	3	3
147467096	1	1	0	0	0	2	1	4
147467459	1	4	0	0	0	5	2	11
147468623	1	4	0	1	0	5	3	5
147469136	0	4	0	0	0	2	3	11
147469152	0	1	1	0	0	3	4	5
147470808	1	3	0	0	0	2	1	3
147472032	1	2	0	0	0	6	2	4
147472398	0	4	0	0	0	3	2	9
147472399	1	1	0	0	0	3	2	10
147473353	1	4	0	0	0	5	3	10
147473364	1	3	0	1	0	5	3	8
147474309	1	1	1	0	1	3	4	10
147475634	1	3	0	0	0	2	3	3
147478531	1	1	0	1	0	3	3	2
147479946	0	4	0	0	0	4	2	2
147479952	0	3	1	0	0	3	4	8
147481377	1	3	0	0	0	5	2	11
147482301	1	3	0	0	0	3	3	7
147483583	0	4	0	0	0	6	2	6
147485289	1	1	0	0	0	3	3	4
147485292	1	2	0	0	0	4	2	5
147485637	1	2	0	0	0	2	3	4
147486210	1	1	1	0	1	2	3	7
147486529	1	1	0	1	0	2	3	3
147488649	1	1	1	0	1	3	5	10
147490315	1	1	0	0	0	2	3	4
147490665	0	1	1	0	0	3	4	6
147491172	1	1	0	0	0	4	3	9
147491180	0	2	0	0	0	2	3	8
147491604	1	3	1	0	1	4	4	9
147491617	0	1	1	0	0	3	5	5
147491654	1	4	0	0	0	6	2	7
147492639	1	2	0	0	0	1	1	1
147494969	1	4	1	0	1	4	3	3
147495954	1	4	0	0	0	5	2	8
147496322	1	1	0	1	0	3	3	2
147497329	1	3	0	0	0	3	3	3
147497365	0	4	0	0	0	4	1	8
147497512	1	1	1	0	1	2	4	5
147498605	1	3	0	0	0	3	2	9
147500523	1	1	0	0	0	6	3	14
147500833	0	3	0	0	0	5	3	2
147501337	1	4	0	0	0	2	2	9
147502880	1	1	1	0	1	3	4	4
147503255	1	4	0	0	0	5	1	4
147503291	1	1	1	0	1	3	3	4
147503611	1	2	0	0	0	4	2	1
147504195	1	1	1	0	1	2	5	5
147504368	1	4	0	0	0	6	1	6
147505344	1	1	0	0	0	3	3	12
147505675	1	4	0	0	0	5	2	8
147506710	1	1	1	0	1	3	3	3
147507530	1	2	0	0	0	2	3	8
147508114	0	4	0	0	0	4	3	4
147508115	1	1	0	1	0	3	3	14
147508407	1	1	1	0	1	3	4	9
147508602	1	1	1	0	1	5	4	7
147508996	1	4	0	0	0	5	3	5
147510242	0	1	1	0	0	3	4	1
147511109	0	1	0	1	0	3	3	9
147511587	1	4	0	0	0	6	3	10
147513094	1	4	0	0	0	3	2	5
147513795	1	3	0	0	0	6	1	10
147513807	1	3	0	0	0	2	3	9
147513837	1	1	0	0	0	4	2	2
147514328	0	1	0	1	0	3	4	6
147514468	0	3	0	0	0	5	3	5
147514476	1	1	0	1	0	2	3	6
147514915	0	1	0	0	0	3	2	3
147515200	1	1	0	0	0	3	3	4
147515217	0	2	0	0	0	4	3	4
147517980	1	2	0	0	0	2	3	10
147517982	1	1	0	0	0	2	3	3
147518664	0	4	1	0	0	4	3	6
147519360	1	3	1	0	1	2	3	6
147519366	1	4	0	1	0	4	3	10
147519367	1	1	1	0	1	2	5	4
147519443	1	3	0	0	0	4	2	6
147521075	1	1	1	0	1	3	5	5
147521147	1	1	0	0	0	5	4	10
147521837	1	2	0	1	0	3	3	4
147522095	1	1	0	0	0	2	3	10
147522115	1	1	1	0	1	2	4	7
147522116	0	1	0	1	0	3	3	1
147522117	0	1	1	0	0	3	4	5
147522119	0	4	0	0	0	3	2	12
147522255	0	2	0	0	0	4	2	7
147522866	0	4	0	0	0	6	3	15
147523459	1	1	0	1	0	2	3	6
147524794	0	2	1	0	0	3	3	3
147524802	1	2	0	0	0	2	3	2
147524826	0	1	1	0	0	3	5	11
147524856	1	1	1	0	1	2	5	2
147526178	1	1	0	1	0	3	4	9
147526181	0	1	1	0	0	1	5	8
147527468	1	1	1	0	1	5	5	7
147527471	0	3	0	0	0	4	1	7
147528273	1	1	1	0	1	3	4	10
147528789	1	4	1	0	1	3	5	8
147528823	0	1	0	0	0	2	3	5
147528882	0	1	1	0	0	3	5	5
147530397	0	4	0	0	0	3	3	1
147530399	1	1	0	1	0	3	3	7
147530401	1	1	0	0	0	5	2	7
147531035	0	1	1	0	0	2	5	10
147531488	1	4	0	0	0	6	3	10
147531545	1	1	1	0	1	5	3	9
147531895	1	1	0	0	0	3	2	4
147531899	1	3	0	0	0	3	2	3
147532092	1	1	1	0	1	4	4	6
147532589	1	1	1	0	1	2	4	12
147532886	1	1	1	0	1	5	3	9
147533650	1	3	0	0	0	6	3	9
147534008	1	1	1	0	1	3	4	10
147534456	1	4	0	0	0	6	2	8
147534852	0	3	0	0	0	3	3	6
147534870	1	4	0	0	0	2	4	4
147535850	1	4	0	0	0	6	4	3
147536275	1	4	0	0	0	2	3	6
147536309	0	4	0	0	0	3	2	3
147536320	0	1	1	0	0	3	3	9
147537537	1	1	1	0	1	6	4	11
147537793	1	1	0	1	0	2	2	2
147539212	1	2	0	0	0	3	2	1
147539239	1	3	0	0	0	5	2	7
147539248	0	4	0	0	0	5	1	5
147539702	1	1	0	1	0	3	1	8
147540651	1	3	0	0	0	5	2	6
147540657	1	1	0	0	0	2	3	7
147541533	1	4	1	0	1	4	4	2
147541678	1	1	0	1	0	5	3	11
147541749	0	1	1	0	0	5	5	5
147542023	0	2	0	1	0	2	4	2
147542027	1	3	0	0	0	5	1	2
147542035	1	1	0	1	0	1	3	5
147542051	1	2	1	0	1	5	3	6
147543309	0	2	1	0	0	5	3	9
147543315	1	2	1	0	1	5	3	10
147543337	1	2	0	0	0	2	3	2
147543581	1	4	0	0	0	6	2	4
147544548	1	1	1	0	1	5	4	8
147544552	1	4	1	0	1	5	4	10
147544557	1	3	0	0	0	5	3	3
147544558	1	4	0	0	0	1	2	3
147544563	1	3	0	0	0	5	3	7
147544590	1	4	0	0	0	3	2	13
147544844	0	1	1	0	0	3	5	13
147544944	1	4	0	0	0	5	3	2
147545317	1	3	0	1	0	5	3	7
147545337	0	1	1	0	0	3	4	2
147545855	1	4	0	0	0	5	3	5
147545857	1	1	1	0	1	3	5	9
147546156	0	1	1	0	0	6	4	12
147546190	0	4	0	0	0	5	1	10
147547096	1	1	1	0	1	4	5	9
147547211	1	1	1	0	1	2	5	2
147547223	0	1	1	0	0	5	5	13
147548431	1	4	1	0	1	6	4	9
147550928	1	4	0	0	0	3	2	1
147551310	1	1	1	0	1	6	4	12
147552214	0	3	0	1	0	2	3	2
147555016	1	4	0	0	0	6	2	10
147558570	1	1	0	0	0	3	1	4
147558586	0	3	0	0	0	3	1	3
147559471	0	1	1	0	0	3	4	5
147559609	1	1	1	0	1	3	3	8
147559686	1	4	0	1	0	3	3	8
147559974	1	1	0	0	0	4	3	3
147560938	0	4	0	0	0	2	1	3
147561171	1	1	1	0	1	5	4	11
147562826	0	4	0	0	0	5	2	10
147563578	1	4	0	0	0	3	2	7
147563665	1	1	0	1	0	3	3	1
147564579	1	1	1	0	1	3	4	6
147565711	1	1	1	0	1	3	4	1
147566147	1	3	0	0	0	5	3	9
147568594	1	1	0	0	0	3	3	7
147568741	0	4	0	0	0	5	2	3
147568976	1	1	1	0	1	2	3	2
147570041	1	1	1	0	1	2	4	10
147570205	1	4	0	0	0	6	3	11
147578176	1	2	0	1	0	6	3	4
147578212	0	1	1	0	0	2	4	6
147579182	1	2	0	0	0	4	3	6
147581875	1	2	0	0	0	3	1	9
147584079	1	1	1	0	1	2	4	7
147585264	1	4	0	0	0	3	3	11
147587046	1	4	0	0	0	5	2	10
147588391	1	4	0	0	0	2	2	7
147590862	0	4	0	0	0	5	3	5
147593377	1	1	0	1	0	5	1	7
147595076	1	4	1	0	1	2	4	1
147598476	0	1	1	0	0	2	4	10
147599182	1	2	1	0	1	4	4	6
147599320	1	1	1	0	1	2	4	6
147600141	0	1	1	0	0	2	5	8
147606851	0	3	1	0	0	2	4	3
147606974	1	3	1	0	1	2	3	4
147612054	1	1	0	1	0	6	4	6
147612586	1	4	0	0	0	4	1	6
147613118	0	3	0	0	0	5	1	10
147613437	1	4	1	0	1	3	3	4
147616260	0	1	0	0	0	5	2	2
147616992	1	4	0	0	0	4	1	6
147617155	1	4	0	0	0	6	2	8
147617830	1	4	0	0	0	5	2	13
147618496	0	1	0	1	0	2	2	1
147620075	1	1	1	0	1	3	4	7
147623218	1	3	0	0	0	5	2	5
147625915	0	2	0	1	0	2	4	5
147626682	1	3	0	1	0	5	3	6
147629825	0	1	0	1	0	6	3	11
147630299	1	1	1	0	1	4	4	2
147631281	1	1	0	1	0	6	2	9
147631288	1	3	0	0	0	3	2	1
147632036	1	1	0	0	0	2	3	7
147633667	0	4	0	0	0	2	3	2
147635211	1	1	1	0	1	3	4	9
147637744	0	2	1	0	0	5	4	7
147638559	1	3	0	0	0	2	4	6
147638561	1	4	0	0	0	2	3	2
147640299	1	3	0	0	0	2	3	2
147641844	1	1	0	1	0	2	3	1
147642021	0	4	0	0	0	2	3	5
147644695	1	1	0	1	0	3	3	9
147647006	1	4	0	0	0	6	3	13
147647192	1	1	0	0	0	2	2	4
147649886	0	4	0	0	0	5	2	12
147651429	1	4	1	0	1	1	3	2
147651654	1	2	1	0	1	5	3	6
147652412	0	1	1	0	0	2	4	4
147653863	0	3	1	0	0	5	5	11
147656915	1	3	0	0	0	6	2	12
147657654	1	3	0	0	0	2	3	10
147657655	1	1	1	0	1	2	4	8
147658416	1	1	1	0	1	2	5	4
147662822	0	1	1	0	0	6	4	3
147665441	1	1	1	0	1	2	4	6
147668057	1	1	0	1	0	2	4	2
147679695	0	3	1	0	0	5	4	2
147682692	1	4	0	0	0	2	2	13
147682871	1	1	1	0	1	6	3	10
147687743	0	1	0	0	0	3	3	7
147691756	1	3	0	0	0	3	2	6
147696063	1	3	0	0	0	2	3	7
147698033	1	3	0	1	0	6	2	11
147698037	1	4	0	0	0	6	1	9
147698100	1	1	0	0	0	1	2	2
147701982	1	4	0	0	0	3	2	3
147702204	1	2	0	0	0	2	3	4
147704478	1	1	0	0	0	5	2	1
147704490	0	3	1	0	0	2	4	5
147704508	1	1	1	0	1	5	4	9
147708431	0	1	1	0	0	5	4	9
147708433	0	2	1	0	0	5	5	3
147708741	0	2	0	1	0	5	3	9
147711328	1	4	0	0	0	4	1	2
147713026	1	3	0	0	0	4	1	6
147717621	1	2	1	0	1	2	4	5
147723695	1	1	1	0	1	2	5	4
147725673	0	4	0	0	0	3	1	2
147725701	1	1	1	0	1	2	5	6
147729027	1	2	0	1	0	3	3	8
147731301	0	1	1	0	0	1	5	6
147744111	1	3	0	0	0	2	2	1
147747295	1	3	1	0	1	2	4	2
147752202	1	1	0	1	0	3	3	1
147754246	1	2	0	0	0	2	3	5
147757299	1	4	0	0	0	2	2	6
147761303	1	2	0	0	0	2	3	2
147761305	0	1	1	0	0	3	4	11
147778911	1	3	0	0	0	2	4	2
147779515	0	3	0	0	0	4	3	4
147792513	1	1	0	0	0	5	4	2
147794143	0	1	1	0	0	2	5	6
147795480	1	3	0	0	0	2	3	3
147795553	1	3	0	0	0	2	4	4
147795734	1	1	1	0	1	6	4	9
147795751	1	3	0	0	0	3	2	4
147795788	1	4	0	0	0	4	2	1
147795808	1	4	0	0	0	4	2	6
147795816	0	3	1	0	0	5	4	13
147795822	1	1	0	1	0	4	3	3
147795857	1	1	1	0	1	2	3	5
147795886	0	4	1	0	0	1	4	3
147795895	1	2	0	0	0	2	3	10
147795900	1	3	0	0	0	2	1	4
147795906	0	4	0	0	0	2	3	2
147795951	1	3	0	0	0	2	4	6
147796911	1	2	1	0	1	3	4	5
147797683	0	1	0	1	0	5	4	9
147798005	1	4	0	0	0	6	2	12
147798218	0	3	1	0	0	3	3	10
147798372	0	1	1	0	0	3	4	2
147799280	0	4	0	1	0	5	2	6
147799537	0	4	0	0	0	3	1	8
147799958	1	4	0	0	0	5	3	14
147800144	1	4	0	0	0	5	3	4
147800359	0	2	0	0	0	5	1	10
147800458	1	1	1	0	1	4	4	8
147800574	1	3	0	0	0	5	2	8
147800996	1	3	1	0	1	3	3	5
147801232	1	4	0	0	0	2	3	14
147801413	1	4	1	0	1	6	5	9
147802359	1	1	0	0	0	2	2	5
147802447	0	4	0	0	0	4	2	4
147802899	1	4	0	0	0	5	1	5
147802935	1	4	0	0	0	5	2	11
147802968	1	3	0	0	0	6	3	9
147803054	0	1	0	0	0	2	3	2
147803224	1	1	0	0	0	3	2	1
147803300	1	1	1	0	1	5	3	2
147803481	1	1	1	0	1	5	3	11
147803840	0	1	1	0	0	5	4	12
147803868	0	4	0	0	0	6	2	7
147803971	0	2	1	0	0	2	4	9
147804256	1	2	0	0	0	5	3	5
147804591	0	4	0	0	0	3	1	7
147804663	1	4	0	0	0	5	2	2
147804695	1	1	1	0	1	3	4	1
147804783	1	1	0	1	0	3	4	6
147805016	1	1	1	0	1	2	1	4
147805348	1	1	1	0	1	4	4	9
147805446	1	3	0	0	0	5	2	10
147807554	1	2	0	1	0	5	3	1
147854638	1	1	0	0	0	2	2	4
147869845	1	3	1	0	1	2	4	11
147876445	1	4	0	0	0	2	3	10
147879904	1	1	0	1	0	3	3	3
147889302	1	1	0	0	0	4	1	7
147889341	1	4	0	0	0	2	2	7
147897207	1	3	1	0	1	2	3	4
147909231	0	3	0	0	0	2	2	5
147928154	0	4	0	0	0	3	2	5
147931262	1	3	0	0	0	2	3	4
147969509	1	1	0	1	0	2	3	4
147975410	1	3	0	0	0	1	3	2
147990101	1	1	0	0	0	4	2	6
147993300	1	3	0	0	0	2	3	2
148007019	1	2	0	0	0	4	3	3
148067646	0	3	0	0	0	2	3	7
148104050	1	2	0	1	0	2	4	8
148140741	0	4	0	0	0	3	2	10
148168219	0	4	0	0	0	2	2	5
148186586	0	1	1	0	0	2	3	8
148268532	1	1	0	1	0	3	3	1
148276549	1	2	0	0	0	2	3	3
148296391	1	1	1	0	1	3	4	3
148299443	0	4	0	0	0	2	3	8
148299466	1	1	0	0	0	2	4	10
148325721	1	1	1	0	1	4	3	10
148343598	0	1	0	1	0	3	3	5
148347957	0	3	1	0	0	4	5	9
148354771	1	3	0	0	0	4	2	4
148360962	0	1	0	1	0	3	3	8
148424381	1	4	0	0	0	2	3	5
148482122	1	1	0	1	0	3	3	3
148483278	1	4	0	0	0	3	1	2
148513651	0	1	0	1	0	3	3	8
148527057	0	4	0	0	0	5	1	2
148530543	0	1	1	0	0	3	5	6
148536637	1	3	1	0	1	5	3	6
148542671	0	1	0	1	0	3	3	8
148545341	1	3	0	0	0	5	3	12
148545383	0	4	0	0	0	5	1	6
148545874	1	1	1	0	1	3	3	13
148551536	0	2	0	0	0	3	2	5
148551557	1	1	0	0	0	3	3	11
148553783	1	1	1	0	1	3	3	8
148554310	0	1	0	0	0	2	3	5
148556422	0	1	1	0	0	4	3	8
148563291	1	3	0	1	0	2	3	1
148567368	0	2	1	0	0	2	3	3
148573057	0	1	0	1	0	2	5	11
148578600	1	1	0	0	0	3	3	7
148583020	1	4	0	1	0	3	2	9
148589684	1	1	0	0	0	3	5	5
148590261	1	1	1	0	1	6	4	7
148590958	0	2	0	1	0	3	2	3
148590966	1	2	0	0	0	4	3	5
148591789	0	1	1	0	0	2	4	11
148592936	1	1	1	0	1	3	4	5
148596287	1	4	0	1	0	5	3	11
148598097	1	3	1	0	1	6	4	11
148603293	1	1	0	0	0	2	3	5
148604921	1	1	1	0	1	5	3	10
148606203	1	2	0	0	0	3	2	9
148609615	1	1	1	0	1	3	3	9
148615808	0	1	1	0	0	5	5	9
148617226	0	1	1	0	0	6	5	15
148617390	1	1	1	0	1	5	4	11
148618665	0	1	1	0	0	2	5	7
148621670	1	2	1	0	1	5	4	10
148622485	0	1	0	0	0	4	1	2
148623414	1	1	0	0	0	3	2	6
148623460	1	1	1	0	1	5	4	11
148625379	0	1	0	0	0	5	3	11
148626728	1	1	1	0	1	3	4	8
148627974	1	1	0	1	0	4	4	7
148633030	1	3	0	0	0	5	3	3
148633490	1	3	1	0	1	5	4	6
148634170	0	3	0	1	0	5	4	3
148636674	1	1	1	0	1	2	5	5
148639144	1	1	1	0	1	2	3	11
148641117	1	4	0	0	0	3	2	2
148642441	1	1	1	0	1	5	4	8
148644776	1	2	0	1	0	5	3	5
148647485	1	1	0	0	0	3	3	6
148649268	1	4	0	0	0	5	1	5
148650614	1	3	1	0	1	5	3	3
148654219	1	1	1	0	1	3	3	10
148656426	1	1	1	0	1	2	4	7
148658718	0	1	0	0	0	5	3	11
148662146	0	3	0	0	0	5	1	6
148663665	1	1	1	0	1	4	4	10
148664206	1	1	0	0	0	3	3	6
148670579	1	4	0	0	0	5	3	4
148672067	1	3	1	0	1	1	4	3
148672116	0	1	1	0	0	4	5	4
148675980	0	4	0	0	0	6	1	10
148679934	0	1	1	0	0	3	5	5
148684385	1	4	0	0	0	3	3	5
148690115	1	1	1	0	1	5	3	12
148693009	1	3	0	0	0	5	1	5
148693834	1	1	0	0	0	5	3	10
148695697	0	4	0	1	0	4	2	10
148698669	1	1	1	0	1	5	4	7
148702848	1	2	1	0	1	3	3	6
148704704	0	3	0	0	0	2	2	10
148705935	1	1	1	0	1	6	4	6
148714922	1	1	0	1	0	2	3	3
148726721	1	4	0	0	0	5	3	4
148727450	1	3	0	0	0	1	2	7
148740607	1	3	0	0	0	5	3	10
148747122	0	1	0	0	0	5	3	1
148749933	1	1	1	0	1	2	4	11
148757242	1	1	0	0	0	5	3	2
148761897	1	1	1	0	1	4	4	12
148762671	0	1	1	0	0	2	4	4
148775157	1	1	0	0	0	2	2	9
148777600	1	1	1	0	1	5	3	7
148778047	1	2	1	0	1	2	2	4
148789588	1	4	0	0	0	2	3	2
148797935	0	4	0	0	0	2	3	7
148798047	1	1	1	0	1	2	4	3
148814997	0	1	0	1	0	2	3	5
148815262	1	1	0	0	0	4	3	10
148839238	1	1	0	1	0	4	3	1
148860404	1	3	0	1	0	2	4	8
148886137	0	4	0	0	0	2	2	5
148990698	0	2	0	0	0	4	3	3
149009301	0	1	0	1	0	6	4	9
149031184	1	2	0	1	0	5	3	9
149064032	0	3	0	0	0	3	1	5
149100446	0	4	0	1	0	5	3	9
149101817	0	1	1	0	0	5	4	7
149107525	1	1	0	0	0	3	3	4
149107568	1	1	1	0	1	3	5	12
149111172	1	4	0	0	0	5	2	12
149134432	0	3	0	0	0	6	1	9
149144208	0	3	0	0	0	6	1	7
149152060	1	4	0	0	0	3	3	11
149154661	0	3	0	1	0	6	2	1
149186679	0	2	0	0	0	6	2	2
149186686	0	2	1	0	0	3	4	7
149194816	0	3	1	0	0	3	3	8
149196565	0	4	0	0	0	5	1	7
149198930	1	1	1	0	1	5	4	10
149198934	1	3	0	0	0	4	2	4
149203928	0	1	1	0	0	5	5	4
149212588	1	1	1	0	1	2	3	5
149222367	1	2	1	0	1	5	4	6
149231192	1	3	0	0	0	3	3	5
149241818	0	4	0	0	0	5	1	4
149241914	0	3	0	0	0	5	1	14
149243284	0	2	0	0	0	5	2	11
149248585	1	4	0	0	0	3	3	9
149257891	0	1	1	0	0	6	3	9
149261757	1	1	1	0	1	5	4	7
149267075	0	1	1	0	0	6	4	14
149270963	1	4	1	0	1	6	3	9
149275812	1	1	0	0	0	3	3	2
149279982	0	1	1	0	0	2	5	2
149279985	0	2	0	1	0	4	3	7
149282772	1	3	0	0	0	3	1	4
149282780	0	1	1	0	0	3	5	4
149289526	0	4	0	0	0	4	1	10
149290284	1	1	0	0	0	3	3	10
149296018	0	4	0	0	0	4	2	12
149296951	1	1	1	0	1	3	3	2
149302092	0	3	0	0	0	3	2	2
149310453	0	4	0	0	0	6	2	8
149318633	0	2	1	0	0	4	3	8
149318634	1	1	1	0	1	3	4	3
149323989	1	1	0	0	0	6	3	2
149329899	1	3	1	0	1	3	4	4
